# jRO
# by sctnightcore
0064 55 55
0065 17 17
0066 3 3
0067 37 37
0068 46 46
0069 -1 47
006A 23 23
006B -1 4
006C 3 3
006D 157 157
006E 3 3
006F 2 2
0070 3 3
0071 28 28
0072 19 19
0073 11 11
0074 3 3
0075 -1 11
0076 9 9
0077 5 5
0078 55 55
0079 53 53
007A 58 58
007B 60 60
007C 44 44
007D 2 2
007E 6 6
007F 6 6
0080 7 7
0081 3 3
0082 2 2
0083 2 2
0084 2 2
0085 5 5
0086 16 16
0087 12 12
0088 10 10
0089 7 7
008A 29 29
008B 23 23
008C -1 4
008D -1 8
008E -1 4
0090 7 7
0091 22 22
0092 28 28
0093 2 2
0094 6 6
0095 30 30
0096 -1 28
0097 -1 32
0098 3 3
0099 -1 4
009A -1 4
009B 5 5
009C 9 9
009D 19 19
009E 19 19
009F 6 6
00A0 33 33
00A1 6 6
00A2 6 6
00A3 -1 4
00A4 -1 4
00A5 -1 4
00A6 -1 4
00A7 8 8
00A8 7 7
00A9 6 6
00AA 9 9
00AB 4 4
00AC 7 7
00AE -1 4
00AF 6 6
00B0 8 8
00B1 8 8
00B2 3 3
00B3 3 3
00B4 -1 8
00B5 6 6
00B6 6 6
00B7 -1 8
00B8 7 7
00B9 6 6
00BA 2 2
00BB 5 5
00BC 6 6
00BD 44 44
00BE 5 5
00BF 3 3
00C0 7 7
00C1 2 2
00C2 6 6
00C3 8 8
00C4 6 6
00C5 7 7
00C6 -1 4
00C7 -1 4
00C8 -1 4
00C9 -1 4
00CA 3 3
00CB 3 3
00CC 6 6
00CD 3 3
00CE 2 2
00CF 27 27
00D0 3 3
00D1 4 4
00D2 4 4
00D3 2 2
00D4 -1 4
00D5 -1 15
00D6 3 3
00D7 -1 17
00D8 6 6
00D9 14 14
00DA 3 3
00DB -1 8
00DC 28 28
00DD 29 29
00DE -1 15
00DF -1 17
00E0 30 30
00E1 30 30
00E2 26 26
00E3 2 2
00E4 6 6
00E5 26 26
00E6 3 3
00E7 3 3
00E8 8 8
00E9 29 29
00EA 5 5
00EB 2 2
00EC 3 3
00ED 2 2
00EE 2 2
00EF 2 2
00F0 3 3
00F1 2 2
00F2 6 6
00F3 8 8
00F4 31 31
00F5 8 8
00F6 8 8
00F7 2 2
00F8 2 2
00F9 26 26
00FA 3 3
00FB -1 28
00FC 6 6
00FD 27 27
00FE 30 30
00FF 10 10
0100 2 2
0101 6 6
0102 6 6
0103 30 30
0104 79 79
0105 31 31
0106 10 10
0107 10 10
0108 -1 4
0109 -1 8
010A 6 6
010B 6 6
010C 6 6
010D 2 2
010E 11 11
010F -1 4
0110 14 14
0111 39 39
0112 4 4
0113 10 10
0114 31 31
0115 35 35
0116 10 10
0117 18 18
0118 2 2
0119 13 13
011A 15 15
011B 20 20
011C 68 68
011D 2 2
011E 3 3
011F 16 16
0120 6 6
0121 14 14
0122 -1 4
0123 -1 4
0124 31 31
0125 8 8
0126 8 8
0127 8 8
0128 8 8
0129 8 8
012A 2 2
012B 2 2
012C 3 3
012D 4 4
012E 2 2
012F -1 84
0130 6 6
0131 86 86
0132 6 6
0133 -1 8
0134 -1 8
0135 7 7
0136 -1 8
0137 6 6
0138 3 3
0139 16 16
013A 4 4
013B 4 4
013C 4 4
013D 6 6
013E 24 24
013F 26 26
0140 22 22
0141 14 14
0142 6 6
0143 10 10
0144 23 23
0145 19 19
0146 6 6
0147 39 39
0148 8 8
0149 9 9
014A 6 6
014B 27 27
014C -1 4
014D 2 2
014E 6 6
014F 6 6
0150 110 110
0151 6 6
0152 -1 12
0153 -1 4
0154 -1 4
0155 -1 4
0156 -1 4
0157 6 6
0159 54 54
015A 66 66
015B 54 54
015C 90 90
015D 42 42
015E 6 6
015F 42 42
0160 -1 4
0161 -1 4
0162 -1 6
0163 -1 4
0164 -1 4
0165 30 30
0166 -1 4
0167 3 3
0168 14 14
0169 3 3
016A 30 30
016B 10 10
016C 43 43
016D 14 14
016E 186 186
016F 182 182
0170 14 14
0171 30 30
0172 10 10
0173 3 3
0174 -1 4
0175 6 6
0176 106 106
0177 -1 4
0178 4 4
0179 5 5
017A 4 4
017B -1 4
017C 6 6
017D 7 7
017E -1 4
017F -1 4
0180 6 6
0181 3 3
0182 106 106
0183 10 10
0184 10 10
0185 34 34
0187 6 6
0188 8 8
0189 4 4
018A 4 4
018B 4 4
018C 29 29
018D -1 4
018E 18 18
018F 8 8
0190 90 90
0191 86 86
0192 24 24
0193 6 6
0194 30 30
0195 102 102
0196 9 9
0197 4 4
0198 8 8
0199 4 4
019A 14 14
019B 10 10
019C -1 4
019D 6 6
019E 2 2
019F 6 6
01A0 3 3
01A1 3 3
01A2 37 37
01A3 7 7
01A4 11 11
01A5 26 26
01A6 -1 4
01A7 4 4
01A8 4 4
01A9 6 6
01AA 10 10
01AB 12 12
01AC 6 6
01AD -1 4
01AE 6 6
01AF 4 4
01B0 11 11
01B1 7 7
01B2 -1 85
01B3 67 67
01B4 12 12
01B5 18 18
01B6 114 114
01B7 6 6
01B8 3 3
01B9 6 6
01BA 26 26
01BB 26 26
01BC 26 26
01BD 26 26
01BE 2 2
01BF 3 3
01C0 2 2
01C1 14 14
01C2 10 10
01C3 -1 16
01C4 32 32
01C5 32 32
01C6 4 4
01C7 2 2
01C8 15 15
01C9 97 97
01CA 3 3
01CB 9 9
01CC 9 9
01CD 30 30
01CE 6 6
01CF 28 28
01D0 8 8
01D1 14 14
01D2 10 10
01D3 35 35
01D4 6 6
01D5 -1 8
01D6 4 4
01D7 15 15
01D8 58 58
01D9 57 57
01DA 64 64
01DB 2 2
01DC -1 4
01DD 47 47
01DE 33 33
01DF 6 6
01E0 30 30
01E1 8 8
01E2 34 34
01E3 14 14
01E4 2 2
01E5 6 6
01E6 26 26
01E7 2 2
01E8 28 28
01E9 81 81
01EA 6 6
01EB 10 10
01EC 26 26
01ED 2 2
01EE -1 4
01EF -1 4
01F0 -1 4
01F1 -1 4
01F2 20 20
01F3 10 10
01F4 32 32
01F5 9 9
01F6 34 34
01F7 14 14
01F8 2 2
01F9 6 6
01FA 48 48
01FB 56 56
01FC -1 4
01FD 25 25
01FE 5 5
01FF 10 10
0200 26 26
0201 -1 4
0203 10 10
0204 18 18
0205 26 26
0206 35 35
0207 34 34
0208 14 14
0209 36 36
020A 10 10
020D -1 4
020E 32 32
0212 26 26
0213 26 26
0214 42 42
0215 6 6
0216 6 6
0217 2 2
0218 2 2
0219 282 282
021A 282 282
021B 10 10
021C 10 10
021D 6 6
021E 6 6
021F 66 66
0220 10 10
0221 -1 4
0222 6 6
0223 10 10
0224 10 10
0225 2 2
0226 282 282
0227 18 18
0228 18 18
0229 15 15
022A 62 62
022B 61 61
022C 69 69
022E 73 73
022F 7 7
0230 12 12
0231 26 26
0232 9 9
0233 11 11
0234 6 6
0235 -1 4
0236 10 10
0237 2 2
0238 282 282
0239 11 11
023A 4 4
023C 6 6
023D 6 6
023E 8 8
023F 2 2
0240 -1 8
0241 6 6
0242 -1 109
0243 6 6
0244 6 6
0245 3 3
0246 4 4
0247 8 8
0248 -1 68
0249 3 3
024A 70 70
024B 4 4
024C 8 8
024D 12 12
024E 6 6
024F 10 10
0250 3 3
0251 34 34
0252 -1 12
0253 3 3
0254 3 3
0255 5 5
0256 5 5
0257 8 8
0258 2 2
0259 3 3
025A -1 4
025B 8 8
025C 4 4
025D 6 6
025E 4 4
025F 6 6
0260 6 6
0261 11 11
0262 11 11
0263 11 11
0264 20 20
0265 20 20
0266 30 30
0267 4 4
0268 4 4
0269 4 4
026A 4 4
026B 4 4
026C 4 4
026D 4 4
026F 2 2
0270 2 2
0271 40 40
0272 44 44
0273 30 30
0274 8 8
0275 37 37
0276 -1 51
0277 84 84
0278 2 2
0279 2 2
027A -1 4
027B 14 14
027C 96 96
027D 62 62
027E -1 6
027F 8 8
0280 12 12
0282 284 284
0283 6 6
0284 14 14
0285 6 6
0286 4 4
0287 -1 8
0288 8 8
0289 8 8
028A 18 18
028B -1 4
028C 46 46
028D 34 34
028E 4 4
028F 6 6
0290 4 4
0291 4 4
0292 2 2
0293 70 70
0294 10 10
0295 -1 4
0296 -1 4
0297 -1 4
0298 10 10
0299 8 8
029A 37 37
029B 80 80
029C 66 66
029D -1 4
029E 11 11
029F 3 3
02A2 8 8
02A3 18 18
02A5 8 8
02A6 -1 10
02A7 -1 10
02AA 4 4
02AB 36 36
02AC 6 6
02AD 8 8
02B0 85 85
02B1 -1 8
02B2 -1 8
02B3 107 107
02B4 6 6
02B5 -1 6
02B6 7 7
02B7 7 7
02B8 32 32
02B9 191 191
02BA 11 11
02BB 8 8
02BC 6 6
02BD 10 10
02BE 2 2
02C1 -1 12
02C2 -1 6
02C5 30 30
02C6 30 30
02C7 7 7
02C8 3 3
02C9 3 3
02CA 3 3
02CB 65 65
02CC 4 4
02CD 71 71
02CE 10 10
02CF 6 6
02D0 -1 4
02D1 -1 4
02D2 -1 4
02D3 4 4
02D4 39 39
02D5 2 2
02D6 6 6
02D7 -1 43
02D8 10 10
02D9 10 10
02DA 3 3
02DB -1 4
02DC -1 32
02DD 32 32
02DE 6 6
02DF 36 36
02E0 34 34
02E1 33 33
02E2 8 8
02E3 10 10
02E4 6 6
02E5 5 5
02E6 6 6
02E7 -1 6
02E8 -1 4
02E9 -1 4
02EA -1 4
02EB 13 13
02EC 71 71
02ED 63 63
02EE 64 64
02EF 8 8
02F0 10 10
02F1 2 2
02F2 2 2
02F3 -1 68
02F4 3 3
02F5 7 7
02F6 7 7
035C 2 2
035D -1 16
035E 2 2
03DD 18 18
03DE 18 18
0439 8 8
043D 8 8
043E -1 4
043F 25 25
0440 10 10
0441 4 4
0442 -1 8
0443 8 8
0444 -1 8
0445 8 8
0446 14 14
0447 2 2
0448 -1 4
0449 4 4
044A 6 6
044B 2 2
07D7 8 8
07D8 8 8
07D9 268 268
07DA 6 6
07DB 8 8
07DC 6 6
07DD 54 54
07DE 30 30
07DF 54 54
07E0 58 58
07E1 15 15
07E2 8 8
07E3 6 6
07E5 4 4
07E6 8 8
07E7 32 32
07E8 -1 4
07E9 5 5
07EA 2 2
07EB -1 8
07ED 10 10
07EE 6 6
07EF 8 8
07F0 6 6
07F1 18 18
07F2 8 8
07F3 6 6
07F4 3 3
07F5 6 6
07F6 14 14
07F7 -1 73
07F8 -1 66
07F9 -1 67
07FA 8 8
07FB 25 25
07FC 10 10
07FD -1 9
07FE 26 26
0800 -1 12
0801 -1 12
0803 4 4
0804 14 14
0805 -1 5
0806 2 2
0807 4 4
0808 14 14
0809 50 50
080A 18 18
080B 6 6
080C 2 2
080D 3 3
080E 14 14
080F 30 30
0810 3 3
0812 8 8
0813 -1 12
0814 86 86
0816 6 6
0818 -1 16
081A 4 4
081B 12 12
081C 10 10
081D 22 22
081E 8 8
081F -1 9
0820 11 11
0821 2 2
0822 9 9
0823 -1 4
0824 8 8
0825 -1 65
0826 4 4
0827 6 6
0828 14 14
0829 12 12
082A 10 10
082B 6 6
082C 10 10
082D -1 29
0836 -1 7
0837 3 3
0839 66 66
083A 5 5
083B 2 2
083D 6 6
083E 26 26
0840 -1 4
0841 4 4
0842 6 6
0843 6 6
0844 2 2
0845 6 6
0846 4 4
0847 -1 6
0848 -1 6
0849 12 12
084A 2 2
084B 21 21
084C 10 10
084D 10 10
084E 5 5
084F 6 6
0850 7 7
0851 -1 4
0852 2 2
0853 -1 4
0854 -1 4
0855 6 6
0856 -1 75
0857 -1 69
0858 -1 68
0859 -1 45
08AF 10 10
08B0 17 17
08B1 -1 4
08B2 -1 6
08B3 -1 8
08B4 2 2
08B5 6 6
08B6 3 3
08B8 10 10
08B9 12 12
08BA 10 10
08BB 8 8
08BC 10 10
08BD 8 8
08BE 14 14
08BF 8 8
08C0 -1 10
08C1 2 2
08C2 2 2
08C3 10 10
08C4 8 8
08C5 6 6
08C6 4 4
08C7 -1 19
08C8 34 34
08C9 2 2
08CA -1 8
08CB -1 10
08CC 109 109
08CD 10 10
08CE 2 2
08CF 10 10
08D0 9 9
08D1 7 7
08D2 10 10
08D3 10 10
08D4 8 8
08D5 -1 8
08D6 6 6
08D7 28 28
08D8 27 27
08D9 30 30
08DA 26 26
08DB 27 27
08DC 26 26
08DD 27 27
08DE 27 27
08DF 50 50
08E0 51 51
08E1 51 51
08E2 27 27
08E3 157 157
08E4 6 6
08FC 30 30
08FD 6 6
08FE -1 4
08FF 24 24
0900 -1 4
0901 -1 4
0902 -1 4
0903 -1 4
0904 -1 4
0905 -1 4
0906 -1 45
0907 5 5
0908 5 5
090A 26 26
090D -1 10
090E 2 2
090F -1 77
0910 10 10
0911 30 30
0912 10 10
0913 30 30
0914 -1 84
0915 -1 78
0916 26 26
096B 4 4
096C 6 6
096D -1 4
096E -1 4
096F 7 7
0970 31 31
0971 6 6
0972 -1 9
0973 7 7
0974 2 2
0975 -1 28
0976 -1 28
0977 14 14
0978 6 6
0979 50 50
097A -1 8
097B -1 16
097C 4 4
097D 288 288
097E 12 12
097F -1 8
0980 7 7
0981 -1 12
0982 7 7
0983 29 29
0984 28 28
0985 -1 4
0986 10 10
0987 -1 41
0988 6 6
0989 2 2
098A -1 74
098B 2 2
098C 4 4
098D -1 4
098E -1 28
098F -1 8
0990 41 41
0991 -1 4
0992 -1 4
0993 -1 4
0994 -1 4
0995 -1 28
0996 -1 28
0997 -1 45
0998 8 8
0999 11 11
099A 9 9
099B 8 8
099C 6 6
099D -1 4
099E 12 12
099F -1 22
09A0 6 6
09A1 2 2
09A2 6 6
09A3 -1 8
09A4 18 18
09A5 7 7
09A6 12 12
09A7 10 10
09A8 16 16
09A9 10 10
09AA 16 16
09AB 6 6
09AC -1 8
09AD 12 12
09AE 19 19
09AF 4 4
09B0 10 10
09B1 4 4
09B2 10 10
09B3 6 6
09B4 6 6
09B5 2 2
09B6 6 6
09B7 4 4
09B8 6 6
09B9 4 4
09BA 2 2
09BB 6 6
09BC 6 6
09BD 2 2
09BE 2 2
09BF 4 4
09C1 10 10
09C2 -1 4
09C3 10 10
09C4 10 10
09C5 1042 1042
09C6 -1 16
09C7 18 18
09C8 -1 13
09C9 -1 4
09CA -1 23
09CB 17 17
09CC -1 4
09CD 8 8
09CE 102 102
09CF -1 4
09D0 -1 4
09D1 14 14
09D2 -1 28
09D3 -1 28
09D4 2 2
09D5 -1 4
09D6 -1 4
09D7 -1 5
09D8 2 2
09D9 4 4
09DA -1 8
09DB -1 88
09DC -1 81
09DD -1 82
09DE -1 33
09DF 7 7
09E0 -1 40
09E1 8 8
09E2 8 8
09E3 8 8
09E4 8 8
09E5 18 18
09E6 24 24
09E7 3 3
09E8 11 11
09E9 2 2
09EA 11 11
09EB -1 24
09EC -1 64
09ED 3 3
09EE 11 11
09EF 11 11
09F0 -1 7
09F1 11 11
09F2 12 12
09F3 11 11
09F4 12 12
09F5 11 11
09F6 11 11
09F7 77 77
09F8 -1 8
09F9 143 143
09FA -1 6
09FB -1 8
09FC 6 6
09FD -1 90
09FE -1 83
09FF -1 84
0A00 269 269
0A01 3 3
0A02 4 4
0A03 2 2
0A04 6 6
0A05 63 63
0A06 6 6
0A07 9 9
0A08 26 26
0A09 55 55
0A0A 57 57
0A0B 57 57
0A0C 66 66
0A0D -1 4
0A0E 14 14
0A0F -1 4
0A10 -1 28
0A11 -1 28
0A12 27 27
0A13 26 26
0A14 10 10
0A15 12 12
0A16 26 26
0A17 6 6
0A18 14 14
0A19 2 2
0A1A 25 25
0A1B 2 2
0A1C -1 8
0A1D 2 2
0A1E 3 3
0A1F 2 2
0A20 23 23
0A21 3 3
0A22 7 7
0A23 -1 22
0A24 66 66
0A25 6 6
0A26 7 7
0A27 8 8
0A28 3 3
0A29 6 6
0A2A 6 6
0A2B 10 10
0A2C 12 12
0A2D -1 45
0A2E 6 6
0A2F 7 7
0A30 106 106
0A31 -1 8
0A32 2 2
0A33 7 7
0A34 6 6
0A35 4 4
0A36 7 7
0A37 69 69
0A38 3 3
0A39 36 36
0A3A 12 12
0A3B -1 12
0A3C -1 18
0A3D 20 20
0A3E -1 16
0A3F 11 11
0A40 11 11
0A41 18 18
0A42 43 43
0A43 85 85
0A44 -1 28
0A46 14 14
0A47 3 3
0A48 2 2
0A49 22 22
0A4A 6 6
0A4B 22 22
0A4C 28 28
0A4D -1 64
0A4E 6 6
0A4F -1 8
0A50 4 4
0A51 34 34
0A52 20 20
0A53 10 10
0A54 -1 8
0A55 2 2
0A56 6 6
0A57 6 6
0A58 8 8
0A59 -1 8
0A5A 2 2
0A5B 7 7
0A5C 18 18
0A5D 6 6
0A68 3 3
0A69 6 6
0A6A 12 12
0A6B -1 8
0A6C 7 7
0A6D -1 4
0A6E -1 68
0A6F -1 10
0A70 2 2
0A71 -1 5
0A72 61 61
0A73 2 2
0A74 8 8
0A76 80 80
0A77 15 15
0A78 15 15
0A79 -1 67
0A7B -1 4
0A7C -1 4
0A7D -1 7
0A7E -1 5
0A7F -1 88
0A80 6 6
0A81 4 4
0A82 46 46
0A83 46 46
0A84 94 94
0A85 82 82
0A86 -1 4
0A87 -1 4
0A88 2 2
0A89 61 61
0A8A 6 6
0A8B 2 2
0A8C 2 2
0A8D -1 17
0A8E 2 2
0A8F 2 2
0A90 3 3
0A91 -1 25
0A92 -1 96
0A93 3 3
0A94 2 2
0A95 4 4
0A96 61 61
0A97 8 8
0A98 10 10
0A99 4 4
0A9A 10 10
0A9B -1 4
0A9C 2 2
0A9D 4 4
0A9E 2 2
0A9F 2 2
0AA0 2 2
0AA1 4 4
0AA2 -1 7
0AA3 9 9
0AA4 2 2
0AA5 -1 4
0AA6 36 36
0AA7 6 6
0AA8 5 5
0AA9 -1 4
0AAA -1 4
0AAB -1 5
0AAC 69 69
0AAD 51 51
0AAE 2 2
0AAF 6 6
0AB0 6 6
0AB1 14 14
0AB2 7 7
0AB3 19 19
0AB4 6 6
0AB5 2 2
0AB6 8 8
0AB7 4 4
0AB8 2 2
0AB9 47 47
0ABA 2 2
0ABB 2 2
0ABC -1 4
0ABD 10 10
0ABE -1 6
0ABF -1 4
0AC0 26 26
0AC1 26 26
0AC2 -1 5
0AC3 2 2
0AC4 -1 64
0AC5 156 156
0AC6 156 156
0AC7 156 156
0AC8 2 2
0AC9 -1 47
0ACA 3 3
0ACB 12 12
0ACC 18 18
0ACD 23 23
0ACE 4 4
0ACF 68 68
0AD0 11 11
0AD1 -1 8
0AD2 30 30
0AD3 -1 4
0AD4 -1 4
0AD5 2 2
0AD6 2 2
0AD7 8 8
0AD8 8 8
0AD9 -1 6
0ADA 32 32
0ADB -1 8
0ADC 6 6
0ADD 24 24
0ADE 6 6
0ADF 58 58
0AE0 30 30
0AE1 28 28
0AE2 7 7
0AE3 -1 28
0AE4 89 89
0AE5 -1 28
0AE6 10 10
0AE7 38 38
0AE8 2 2
0AE9 13 13
0AEC 2 2
0AED 2 2
0AEE 2 2
0AEF 2 2
0AF0 10 10
0AF1 102 102
0AF2 40 40
0AF3 -1 4
0AF4 11 11
0AF5 3 3
0AF6 88 88
0AF7 32 32
0AF8 11 11
0AF9 6 6
0AFA 58 58
0AFB -1 4
0AFC 16 16
0AFD -1 8
0AFE -1 6
0AFF -1 8
0B00 8 8
0B01 56 56
0B02 26 26
0B03 -1 47
0B04 90 90
0B05 63 63
0B07 -1 47
0B08 -1 5
0B09 -1 5
0B0A -1 5
0B0B 4 4
0B0C 155 155
0B0D 10 10
0B0E -1 4
0B0F -1 4
0B10 10 10
0B11 4 4
0B12 2 2
0B13 48 48
0B14 2 2
0B15 7 7
0B16 2 2
0B17 3 3
0B18 4 4
0B19 2 2
0B1A 29 29
0B1B 2 2
0B1C 2 2
0B1D 2 2
0B1E 14 14
0B1F 14 14
0B20 271 271
0B21 13 13
0B22 5 5
0B23 6 6
0B24 6 6
0B25 6 6
0B27 -1 4
0B28 3 3
0B2B 11 11
0B2C 3 3
0B2D 11 11
0B2E 4 4
0B2F 73 73
0B30 -1 4
0B31 17 17
0B32 -1 4
0B33 17 17
0B34 50 50
0B35 3 3
0B36 -1 14
0B37 -1 47
0B39 -1 5
0B3C 4 4
0B3D -1 12
0B3E -1 8
0B3F 64 64
0B40 -1 8
0B41 70 70
0B42 62 62
0B43 48 48
0B44 58 58
0B45 58 58
0B46 10 10
0B47 14 14
0B48 18 18
0B49 4 4
0B4A 6 6
0B4B 4 4
0B4C 2 2
0B4D -1 6
0B4E -1 6
0B4F 2 2
0B50 2 2
0B51 2 2
0B52 2 2
0B53 52 52
0B54 8 8
0B55 -1 4
0B56 -1 8
0B57 -1 4
0B58 2 2
0B59 4 4
0B5A -1 34
0B5B 14 14
0B5C 2 2
0B5D 10 10
0B5E 33 33
0B5F -1 5
0B60 -1 64
0B61 -1 47
0B62 -1 17
0B63 -1 24
0B64 -1 7
0B65 -1 4
0B66 26 26
0B67 33 33
0B68 12 12
0B69 18 18
0B6A -1 63
0B6B 14 14
0B6C 12 12
0B6D 6 6
0B6E 14 14
0B6F 177 177
0B70 -1 8
0B71 177 177
0B72 -1 4
0B73 8 8
0B74 1026 1026
0B75 1026 1026
0B76 77 77
0B77 -1 4
0B78 -1 4
0B79 -1 8
0B7A -1 4
0B7B 118 118
0B7C -1 4
0B7D -1 4
0B7E 60 60
0B7F 10 10
0B80 10 10
0B8C -1 5
0B8D -1 5
0B8E 18 18
0B8F 6 6
0B90 2 2
0B91 8 8
0B92 5 5
0B93 12 12
0B94 14 14
0B95 -1 4
0B96 26 26
0B97 27 27
0B98 6 6
0B99 10 10
0B9A 11 11
0B9B 12 12
0B9C 16 16
0B9D 14 14
0B9E 12 12
0B9F 10 10
0BA0 2 2
0BA1 3 3
0BA2 10 10
0BA3 10 10
0BA4 85 85
0BA5 12 12
0BA6 -1 8
0BA7 -1 8
0BA8 7 7
0BA9 -1 8
0BAA 22 22
0BAB 22 22
0437 7 7
0438 10 10
035F 5 5
0360 6 6
0361 5 5
0362 6 6
0363 6 6
0364 8 8
0365 8 8
0366 10 10
0367 90 90
0368 6 6
0369 6 6
083C 14 14
0838 2 2
0835 -1 15
0819 -1 12
0817 6 6
0815 2 2
0811 -1 89
0802 18 18
07EC 8 8
07E4 -1 12
0436 19 19
02C4 26 26
0281 4 4
0202 26 26
022D 5 5
023B 36 36
085A 2 2
085B 2 2
085C 2 2
085D 2 2
085E 2 2
085F 2 2
0860 2 2
0861 2 2
0862 2 2
0863 2 2
0864 2 2
0865 2 2
0866 2 2
0867 2 2
0868 2 2
0869 2 2
086A 2 2
086B 2 2
086C 2 2
086D 2 2
086E 2 2
086F 2 2
0870 2 2
0871 2 2
0872 2 2
0873 2 2
0874 2 2
0875 2 2
0876 2 2
0877 2 2
0878 2 2
0879 2 2
087A 2 2
087B 2 2
087C 2 2
087D 2 2
087E 2 2
087F 2 2
0880 2 2
0881 2 2
0882 2 2
0883 2 2
0917 2 2
0918 2 2
0919 2 2
091A 2 2
091B 2 2
091C 2 2
091D 2 2
091E 2 2
091F 2 2
0920 2 2
0921 2 2
0922 2 2
0923 2 2
0924 2 2
0925 2 2
0926 2 2
0927 2 2
0928 2 2
0929 2 2
092A 2 2
092B 2 2
092C 2 2
092D 2 2
092E 2 2
092F 2 2
0930 2 2
0931 2 2
0932 2 2
0933 2 2
0934 2 2
0935 2 2
0936 2 2
0937 2 2
0938 2 2
0939 2 2
093A 2 2
093B 2 2
093C 2 2
093D 2 2
093E 2 2
093F 2 2
0940 2 2
0884 2 2
0885 2 2
0886 2 2
0887 2 2
0888 2 2
0889 2 2
088A 2 2
088B 2 2
088C 2 2
088D 2 2
088E 2 2
088F 2 2
0890 2 2
0891 2 2
0892 2 2
0893 2 2
0894 2 2
0895 2 2
0896 2 2
0897 2 2
0898 2 2
0899 2 2
089A 2 2
089B 2 2
089C 2 2
089D 2 2
